---> Red 1
C_xi = np.array([[0,   70,  0,   30,  0,   0],
                 [70,  0,   100, 70,  110, 0],
                 [0,   100, 0,   120, 40,  80],
                 [30,  70,  120, 0,   90,  0],
                 [0,   110, 40,  90,  0,   50],
                 [0,   0,   80,  0,   50,  0]])   
u1 = 950
u2 = 2500
u3 = 1500
u4 = 475
u5 = 2500
A = 1e-4
B = 1e-5
C = 1e-5
l = 1
---> Red 2
C_xi = np.array([[0,    0.91,  0.36, 0,     0,     0,    1.2,   0   ],
                 [0.91, 0,     0,    0.375, 0,     0,    0,     1.02],
                 [0.36, 0,     0,    0.47,  0.64,  0,    0,     0   ],
                 [0,    0.375, 0.47, 0,     0,     0.5,  0,     0   ],
                 [0,    0,     0.64, 0,     0,     0.56, 0.425, 0   ],
                 [0,    0,     0,    0.5,   0.56,  0,    0,     0.4 ],
                 [1.2,  0,     0,    0,     0.425, 0,    0,     1.1 ],
                 [0,    1.02,  0,    0,     0,     0.4,  1.1,   0   ]])
u1 = 950
u2 = 2500
u3 = 1500
u4 = 475
u5 = 2500
A = 0.0057
B = 0.0072
C = 0.0064
l = 6
---> Red 3